name: convert_image
channels:
  - conda-forge
  - defaults
dependencies:
  - bzip2=1.0.8=h8ffe710_4
  - ca-certificates=2022.9.24=h5b45459_0
  - colorama=0.4.6=pyhd8ed1ab_0
  - freetype=2.12.1=h546665d_0
  - jpeg=9e=h8ffe710_2
  - lcms2=2.14=h90d422f_0
  - lerc=4.0.0=h63175ca_0
  - libdeflate=1.14=hcfcfb64_0
  - libffi=3.4.2=h8ffe710_5
  - libpng=1.6.38=h19919ed_0
  - libsqlite=3.39.4=hcfcfb64_0
  - libtiff=4.4.0=h8e97e67_4
  - libwebp-base=1.2.4=h8ffe710_0
  - libxcb=1.13=hcd874cb_1004
  - libzlib=1.2.13=hcfcfb64_4
  - m2w64-gcc-libgfortran=5.3.0=6
  - m2w64-gcc-libs=5.3.0=7
  - m2w64-gcc-libs-core=5.3.0=7
  - m2w64-gmp=6.1.0=2
  - m2w64-libwinpthread-git=5.0.0.4634.697f757=2
  - msys2-conda-epoch=20160418=1
  - openjpeg=2.5.0=hc9384bd_1
  - openssl=3.0.7=hcfcfb64_0
  - pillow=9.2.0=py311h97bb24d_3
  - pip=22.3.1=pyhd8ed1ab_0
  - pthread-stubs=0.4=hcd874cb_1001
  - python=3.11.0=hcf16a7b_0_cpython
  - python_abi=3.11=2_cp311
  - setuptools=65.5.1=pyhd8ed1ab_0
  - tk=8.6.12=h8ffe710_0
  - tqdm=4.64.1=pyhd8ed1ab_0
  - tzdata=2022f=h191b570_0
  - ucrt=10.0.22621.0=h57928b3_0
  - vc=14.3=h3d8a991_9
  - vs2015_runtime=14.32.31332=h1d6e394_9
  - wheel=0.38.2=pyhd8ed1ab_0
  - xorg-libxau=1.0.9=hcd874cb_0
  - xorg-libxdmcp=1.1.3=hcd874cb_0
  - xz=5.2.6=h8d14728_0
  - zstd=1.5.2=h7755175_4
prefix: C:\Users\pedro\anaconda3\envs\convert_image
